0.1 0.2859212949869023
0.10023052380778995 0.2859212949869023
0.10046157902783952 0.2859212949869023
0.10069316688518042 0.2859212949869023
0.10092528860766846 0.2859212949869023
0.10115794542598983 0.2859212949869023
0.10139113857366795 0.2859212949869023
0.10162486928706954 0.2859212949869023
0.10185913880541171 0.2859212949869023
0.10209394837076798 0.2859212949869023
0.10232929922807543 0.2859212949869023
0.10256519262514076 0.2859212949869023
0.10280162981264737 0.2859212949869023
0.1030386120441616 0.2859212949869023
0.10327614057613975 0.2859212949869023
0.10351421666793438 0.2859212949869023
0.10375284158180127 0.2859212949869023
0.10399201658290592 0.2859212949869023
0.10423174293933044 0.2859212949869023
0.10447202192208 0.2859212949869023
0.10471285480508996 0.2859212949869023
0.10495424286523221 0.2859212949869023
0.10519618738232231 0.2859212949869023
0.10543868963912588 0.2859212949869023
0.10568175092136588 0.2859212949869023
0.10592537251772888 0.2859212949869023
0.10616955571987248 0.2859212949869023
0.1064143018224316 0.2859212949869023
0.10665961212302581 0.2859212949869023
0.1069054879222658 0.2859212949869023
0.10715193052376065 0.2859212949869023
0.10739894123412447 0.2859212949869023
0.10764652136298351 0.2859212949869023
0.10789467222298288 0.2859212949869023
0.10814339512979383 0.2859212949869023
0.10839269140212035 0.2859212949869023
0.10864256236170657 0.2859212949869023
0.10889300933334334 0.2859212949869023
0.10914403364487567 0.2859212949869023
0.10939563662720937 0.2859212949869023
0.10964781961431852 0.2859212949869023
0.1099005839432521 0.2859212949869023
0.11015393095414151 0.2859212949869023
0.11040786199020731 0.2859212949869023
0.11066237839776667 0.2859212949869023
0.1109174815262401 0.2859212949869023
0.11117317272815916 0.2859212949869023
0.111429453359173 0.2859212949869023
0.11168632477805614 0.2859212949869023
0.11194378834671515 0.2859212949869023
0.11220184543019637 0.2859212949869023
0.11246049739669264 0.2859212949869023
0.11271974561755106 0.2859212949869023
0.11297959146727979 0.2859212949869023
0.11324003632355573 0.2859212949869023
0.11350108156723152 0.2859212949869023
0.11376272858234311 0.2859212949869023
0.11402497875611688 0.2859212949869023
0.11428783347897718 0.2859212949869023
0.11455129414455356 0.2859212949869023
0.11481536214968831 0.2859212949869023
0.11508003889444358 0.2859212949869023
0.11534532578210925 0.2859212949869023
0.1156112242192099 0.2859212949869023
0.11587773561551265 0.2859212949869023
0.11614486138403428 0.2859212949869023
0.11641260294104917 0.2859212949869023
0.11668096170609625 0.2859212949869023
0.11694993910198713 0.2859212949869023
0.11721953655481306 0.2859212949869023
0.11748975549395299 0.2859212949869023
0.11776059735208073 0.2859212949869023
0.118032063565173 0.2859212949869023
0.11830415557251649 0.2859212949869023
0.11857687481671605 0.2859212949869023
0.11885022274370186 0.2859212949869023
0.11912420080273751 0.2859212949869023
0.11939881044642732 0.2859212949869023
0.11967405313072438 0.2859212949869023
0.11994993031493788 0.2859212949869023
0.12022644346174133 0.2859212949869023
0.12050359403717975 0.2859212949869023
0.12078138351067806 0.2859212949869023
0.12105981335504824 0.2859212949869023
0.12133888504649777 0.2859212949869023
0.1216186000646368 0.2859212949869023
0.1218989598924867 0.2859212949869023
0.12217996601648719 0.2859212949869023
0.12246161992650491 0.2859212949869023
0.12274392311584073 0.2859212949869023
0.1230268770812382 0.2859212949869023
0.12331048332289091 0.2859212949869023
0.12359474334445109 0.2859212949869023
0.12387965865303692 0.2859212949869023
0.12416523075924114 0.2859212949869023
0.12445146117713853 0.2859212949869023
0.12473835142429435 0.2859212949869023
0.12502590302177202 0.2859212949869023
0.12531411749414162 0.2859212949869023
0.1256029963694875 0.2859212949869023
0.12589254117941676 0.2859212949869023
0.12618275345906707 0.2859212949869023
0.12647363474711518 0.2859212949869023
0.1267651865857846 0.2859212949869023
0.1270574105208542 0.2859212949869023
0.12735030810166617 0.2859212949869023
0.12764388088113443 0.2859212949869023
0.12793813041575247 0.2859212949869023
0.1282330582656022 0.2859212949869023
0.12852866599436155 0.2859212949869023
0.12882495516931344 0.2859212949869023
0.12912192736135344 0.2859212949869023
0.12941958414499866 0.2859212949869023
0.1297179270983956 0.2859212949869023
0.1300169578033291 0.2859212949869023
0.13031667784522996 0.2859212949869023
0.1306170888131842 0.2859212949869023
0.1309181922999407 0.2859212949869023
0.13121998990192038 0.2859212949869023
0.13152248321922386 0.2859212949869023
0.13182567385564067 0.2859212949869023
0.13212956341865753 0.2859212949869023
0.13243415351946652 0.2859212949869023
0.13273944577297395 0.2859212949869023
0.1330454417978091 0.2859212949869023
0.1333521432163324 0.2859212949869023
0.13365955165464427 0.2859212949869023
0.13396766874259353 0.2859212949869023
0.13427649611378636 0.2859212949869023
0.13458603540559486 0.2859212949869023
0.13489628825916541 0.2859212949869023
0.13520725631942776 0.2859212949869023
0.13551894123510358 0.2859212949869023
0.13583134465871544 0.2859212949869023
0.13614446824659504 0.2859212949869023
0.13645831365889247 0.2859212949869023
0.1367728825595849 0.2859212949869023
0.1370881766164854 0.2859212949869023
0.13740419750125157 0.2859212949869023
0.13772094688939468 0.2859212949869023
0.13803842646028847 0.2859212949869023
0.13835663789717811 0.2859212949869023
0.1386755828871889 0.2859212949869023
0.13899526312133534 0.2859212949869023
0.1393156802945303 0.2859212949869023
0.1396368361055938 0.2859212949869023
0.1399587322572618 0.2859212949869023
0.14028137045619585 0.2859212949869023
0.14060475241299136 0.2859212949869023
0.1409288798421875 0.2859212949869023
0.14125375446227542 0.2859212949869023
0.1415793779957082 0.2859212949869023
0.1419057521689092 0.2859212949869023
0.142232878712282 0.2859212949869023
0.14256075936021878 0.2859212949869023
0.14288939585111032 0.2859212949869023
0.14321878992735435 0.2859212949869023
0.14354894333536564 0.2859212949869023
0.14387985782558455 0.2859212949869023
0.14421153515248689 0.2859212949869023
0.14454397707459274 0.2859212949869023
0.1448771853544762 0.2859212949869023
0.14521116175877422 0.2859212949869023
0.14554590805819662 0.2859212949869023
0.14588142602753482 0.2859212949869023
0.14621771744567186 0.2859212949869023
0.14655478409559117 0.2859212949869023
0.14689262776438672 0.2859212949869023
0.14723125024327186 0.2859212949869023
0.14757065332758948 0.2859212949869023
0.14791083881682074 0.2859212949869023
0.1482518085145954 0.2859212949869023
0.14859356422870068 0.2859212949869023
0.14893610777109156 0.2859212949869023
0.1492794409578996 0.2859212949869023
0.14962356560944337 0.2859212949869023
0.14996848355023734 0.2859212949869023
0.15031419660900225 0.2859212949869023
0.1506607066186742 0.2859212949869023
0.15100801541641487 0.2859212949869023
0.15135612484362082 0.2859212949869023
0.1517050367459337 0.2859212949869023
0.15205475297324958 0.2859212949869023
0.15240527537972914 0.2859212949869023
0.15275660582380726 0.2859212949869023
0.15310874616820305 0.2859212949869023
0.15346169827992945 0.2859212949869023
0.15381546403030352 0.2859212949869023
0.15417004529495593 0.2859212949869023
0.1545254439538414 0.2859212949869023
0.15488166189124813 0.2859212949869023
0.15523870099580828 0.2859212949869023
0.15559656316050746 0.2859212949869023
0.1559552502826954 0.2859212949869023
0.1563147642640954 0.2859212949869023
0.15667510701081497 0.2859212949869023
0.15703628043335524 0.2859212949869023
0.157398286446622 0.2859212949869023
0.15776112696993486 0.2859212949869023
0.15812480392703837 0.2859212949869023
0.15848931924611137 0.2859212949869023
0.15885467485977792 0.2859212949869023
0.159220872705117 0.2859212949869023
0.1595879147236733 0.2859212949869023
0.1599558028614669 0.2859212949869023
0.1603245390690042 0.2859212949869023
0.16069412530128774 0.2859212949869023
0.16106456351782708 0.2859212949869023
0.16143585568264865 0.2859212949869023
0.16180800376430665 0.2859212949869023
0.162181009735893 0.2859212949869023
0.16255487557504847 0.2859212949869023
0.16292960326397224 0.2859212949869023
0.16330519478943348 0.2859212949869023
0.16368165214278088 0.2859212949869023
0.16405897731995397 0.2859212949869023
0.16443717232149319 0.2859212949869023
0.16481623915255086 0.2859212949869023
0.16519617982290152 0.2859212949869023
0.16557699634695286 0.2859212949869023
0.16595869074375608 0.2859212949869023
0.166341265037017 0.2859212949869023
0.1667247212551063 0.2859212949869023
0.16710906143107082 0.2859212949869023
0.16749428760264376 0.2859212949869023
0.16788040181225608 0.2859212949869023
0.16826740610704674 0.2859212949869023
0.16865530253887417 0.2859212949869023
0.16904409316432642 0.2859212949869023
0.1694337800447329 0.2859212949869023
0.16982436524617445 0.2859212949869023
0.17021585083949511 0.2859212949869023
0.17060823890031238 0.2859212949869023
0.17100153150902883 0.2859212949869023
0.17139573075084255 0.2859212949869023
0.17179083871575887 0.2859212949869023
0.17218685749860071 0.2859212949869023
0.17258378919902043 0.2859212949869023
0.17298163592151017 0.2859212949869023
0.17338039977541386 0.2859212949869023
0.17378008287493757 0.2859212949869023
0.1741806873391614 0.2859212949869023
0.17458221529205042 0.2859212949869023
0.17498466886246578 0.2859212949869023
0.17538805018417616 0.2859212949869023
0.17579236139586923 0.2859212949869023
0.17619760464116294 0.2859212949869023
0.1766037820686165 0.2859212949869023
0.17701089583174215 0.2859212949869023
0.17741894808901654 0.2859212949869023
0.17782794100389232 0.2859212949869023
0.178237876744809 0.2859212949869023
0.17864875748520512 0.2859212949869023
0.1790605854035294 0.2859212949869023
0.17947336268325267 0.2859212949869023
0.17988709151287885 0.2859212949869023
0.1803017740859569 0.2859212949869023
0.1807174126010927 0.2859212949869023
0.18113400926196027 0.2859212949869023
0.18155156627731364 0.2859212949869023
0.1819700858609984 0.2859212949869023
0.18238957023196378 0.2859212949869023
0.1828100216142743 0.2859212949869023
0.18323144223712123 0.2859212949869023
0.18365383433483465 0.2859212949869023
0.18407720014689558 0.2859212949869023
0.1845015419179474 0.2859212949869023
0.18492686189780788 0.2859212949869023
0.18535316234148116 0.2859212949869023
0.1857804455091698 0.2859212949869023
0.18620871366628677 0.2859212949869023
0.18663796908346705 0.2859212949869023
0.18706821403658008 0.2859212949869023
0.18749945080674185 0.2859212949869023
0.18793168168032687 0.2859212949869023
0.18836490894898011 0.2859212949869023
0.18879913490962938 0.2859212949869023
0.18923436186449752 0.2859212949869023
0.18967059212111465 0.2859212949869023
0.1901078279923301 0.2859212949869023
0.19054607179632477 0.2859212949869023
0.19098532585662378 0.2859212949869023
0.1914255925021086 0.2859212949869023
0.19186687406702904 0.2859212949869023
0.19230917289101587 0.2859212949869023
0.19275249131909358 0.2859212949869023
0.19319683170169244 0.2859212949869023
0.19364219639466082 0.2859212949869023
0.19408858775927784 0.2859212949869023
0.19453600816226627 0.2859212949869023
0.19498445997580457 0.2859212949869023
0.19543394557753946 0.2859212949869023
0.195884467350599 0.2859212949869023
0.19633602768360467 0.2859212949869023
0.19678862897068453 0.2859212949869023
0.19724227361148536 0.2859212949869023
0.19769696401118614 0.2859212949869023
0.19815270258050982 0.2859212949869023
0.1986094917357372 0.2859212949869023
0.19906733389871864 0.2859212949869023
0.19952623149688797 0.2859212949869023
0.19998618696327441 0.2859212949869023
0.20044720273651617 0.2859212949869023
0.2009092812608728 0.2859212949869023
0.2013724249862389 0.2859212949869023
0.20183663636815607 0.2859212949869023
0.2023019178678272 0.2859212949869023
0.20276827195212824 0.2859212949869023
0.2032357010936222 0.2859212949869023
0.20370420777057183 0.2859212949869023
0.20417379446695297 0.2859212949869023
0.20464446367246739 0.2859212949869023
0.2051162178825566 0.2859212949869023
0.2055890595984142 0.2859212949869023
0.20606299132700007 0.2859212949869023
0.20653801558105295 0.2859212949869023
0.20701413487910425 0.2859212949869023
0.207491351745491 0.2859212949869023
0.20796966871036962 0.2859212949869023
0.20844908830972886 0.2859212949869023
0.208929613085404 0.2859212949869023
0.20941124558508928 0.2859212949869023
0.20989398836235248 0.2859212949869023
0.21037784397664755 0.2859212949869023
0.210862814993329 0.2859212949869023
0.21134890398366465 0.2859212949869023
0.21183611352485027 0.2859212949869023
0.21232444620002194 0.2859212949869023
0.21281390459827126 0.2859212949869023
0.21330449131465767 0.2859212949869023
0.21379620895022325 0.2859212949869023
0.21428906011200588 0.2859212949869023
0.21478304741305346 0.2859212949869023
0.21527817347243727 0.2859212949869023
0.2157744409152667 0.2859212949869023
0.21627185237270202 0.2859212949869023
0.21677041048196952 0.2859212949869023
0.21727011788637446 0.2859212949869023
0.21777097723531594 0.2859212949869023
0.21827299118430016 0.2859212949869023
0.21877616239495531 0.2859212949869023
0.2192804935350449 0.2859212949869023
0.21978598727848256 0.2859212949869023
0.22029264630534562 0.2859212949869023
0.22080047330189007 0.2859212949869023
0.2213094709605638 0.2859212949869023
0.22181964198002196 0.2859212949869023
0.22233098906514034 0.2859212949869023
0.22284351492703047 0.2859212949869023
0.22335722228305316 0.2859212949869023
0.22387211385683403 0.2859212949869023
0.22438819237827665 0.2859212949869023
0.22490546058357816 0.2859212949869023
0.22542392121524296 0.2859212949869023
0.22594357702209772 0.2859212949869023
0.22646443075930597 0.2859212949869023
0.22698648518838227 0.2859212949869023
0.2275097430772071 0.2859212949869023
0.22803420720004175 0.2859212949869023
0.22855988033754304 0.2859212949869023
0.2290867652767774 0.2859212949869023
0.22961486481123622 0.2859212949869023
0.23014418174085077 0.2859212949869023
0.23067471887200697 0.2859212949869023
0.23120647901755956 0.2859212949869023
0.2317394649968479 0.2859212949869023
0.23227367963571063 0.2859212949869023
0.2328091257665008 0.2859212949869023
0.2333458062281004 0.2859212949869023
0.23388372386593553 0.2859212949869023
0.2344228815319922 0.2859212949869023
0.23496328208483075 0.2859212949869023
0.23550492838960105 0.2859212949869023
0.23604782331805774 0.2859212949869023
0.23659196974857577 0.2859212949869023
0.23713737056616555 0.2859212949869023
0.23768402866248775 0.2859212949869023
0.23823194693586905 0.2859212949869023
0.23878112829131773 0.2859212949869023
0.23933157564053878 0.2859212949869023
0.23988329190194915 0.2859212949869023
0.2404362800006934 0.2859212949869023
0.24099054286865948 0.2859212949869023
0.24154608344449408 0.2859212949869023
0.24210290467361792 0.2859212949869023
0.24266100950824157 0.2859212949869023
0.2432204009073815 0.2859212949869023
0.24378108183687527 0.2859212949869023
0.24434305526939729 0.2859212949869023
0.24490632418447458 0.2859212949869023
0.24547089156850302 0.2859212949869023
0.24603676041476275 0.2859212949869023
0.24660393372343403 0.2859212949869023
0.24717241450161306 0.2859212949869023
0.2477422057633285 0.2859212949869023
0.24831331052955707 0.2859212949869023
0.24888573182823917 0.2859212949869023
0.2494594726942955 0.2859212949869023
0.2500345361696431 0.2859212949869023
0.25061092530321144 0.2859212949869023
0.2511886431509581 0.2859212949869023
0.2517676927758856 0.2859212949869023
0.2523480772480574 0.2859212949869023
0.2529297996446145 0.2859212949869023
0.25351286304979087 0.2859212949869023
0.25409727055493053 0.2859212949869023
0.25468302525850406 0.2859212949869023
0.2552701302661247 0.2859212949869023
0.2558585886905647 0.2859212949869023
0.2564484036517718 0.2859212949869023
0.25703957827688634 0.2859212949869023
0.25763211570025757 0.2859212949869023
0.25822601906345977 0.2859212949869023
0.2588212915153092 0.2859212949869023
0.2594179362118814 0.2859212949869023
0.26001595631652724 0.2859212949869023
0.2606153549998897 0.2859212949869023
0.2612161354399207 0.2859212949869023
0.26181830082189855 0.2859212949869023
0.2624218543384442 0.2859212949869023
0.2630267991895382 0.2859212949869023
0.26363313858253806 0.2859212949869023
0.2642408757321946 0.2859212949869023
0.26485001386067014 0.2859212949869023
0.2654605561975539 0.2859212949869023
0.266072505979881 0.2859212949869023
0.266685866452148 0.2859212949869023
0.2673006408663312 0.2859212949869023
0.2679168324819032 0.2859212949869023
0.2685344445658508 0.2859212949869023
0.2691534803926916 0.2859212949869023
0.2697739432444921 0.2859212949869023
0.2703958364108844 0.2859212949869023
0.27101916318908437 0.2859212949869023
0.27164392688390826 0.2859212949869023
0.27227013080779133 0.2859212949869023
0.2728977782808041 0.2859212949869023
0.27352687263067127 0.2859212949869023
0.27415741719278824 0.2859212949869023
0.27478941531023976 0.2859212949869023
0.2754228703338166 0.2859212949869023
0.27605778562203465 0.2859212949869023
0.27669416454115114 0.2859212949869023
0.27733201046518413 0.2859212949869023
0.2779713267759289 0.2859212949869023
0.2786121168629771 0.2859212949869023
0.2792543841237338 0.2859212949869023
0.2798981319634363 0.2859212949869023
0.28054336379517136 0.2859212949869023
0.2811900830398941 0.2859212949869023
0.28183829312644537 0.2859212949869023
0.2824879974915708 0.2859212949869023
0.28313919957993794 0.2859212949869023
0.28379190284415573 0.2859212949869023
0.28444611074479154 0.2859212949869023
0.28510182675039103 0.2859212949869023
0.2857590543374947 0.2859212949869023
0.28641779699065817 0.2859212949869023
0.28707805820246907 0.2859212949869023
0.287739841473567 0.2859212949869023
0.2884031503126606 0.2859212949869023
0.28906798823654767 0.2859212949869023
0.2897343587701323 0.2859212949869023
0.29040226544644515 0.2859212949869023
0.2910717118066606 0.2859212949869023
0.29174270140011677 0.2859212949869023
0.29241523778433354 0.2859212949869023
0.29308932452503217 0.2859212949869023
0.2937649651961531 0.2859212949869023
0.2944421633798762 0.2859212949869023
0.2951209226666386 0.2859212949869023
0.2958012466551547 0.2859212949869023
0.2964831389524343 0.2859212949869023
0.2971666031738027 0.2859212949869023
0.297851642942919 0.2859212949869023
0.29853826189179605 0.2859212949869023
0.29922646366081895 0.2859212949869023
0.2999162518987652 0.2859212949869023
0.30060763026282306 0.2859212949869023
0.30130060241861223 0.2859212949869023
0.30199517204020165 0.2859212949869023
0.30269134281013066 0.2859212949869023
0.3033891184194271 0.2859212949869023
0.30408850256762787 0.2859212949869023
0.30478949896279833 0.2859212949869023
0.3054921113215514 0.2859212949869023
0.30619634336906776 0.2859212949869023
0.3069021988391157 0.2859212949869023
0.3076096814740708 0.2859212949869023
0.30831879502493553 0.2859212949869023
0.30902954325135906 0.2859212949869023
0.309741929921658 0.2859212949869023
0.3104559588128356 0.2859212949869023
0.3111716337106019 0.2859212949869023
0.31188895840939374 0.2859212949869023
0.31260793671239545 0.2859212949869023
0.3133285724315586 0.2859212949869023
0.3140508693876219 0.2859212949869023
0.31477483141013163 0.2859212949869023
0.3155004623374626 0.2859212949869023
0.316227766016838 0.2859212949869023
0.3169567463043492 0.2859212949869023
0.3176874070649771 0.2859212949869023
0.3184197521726124 0.2859212949869023
0.31915378551007617 0.2859212949869023
0.3198895109691399 0.2859212949869023
0.32062693245054663 0.2859212949869023
0.32136605386403166 0.2859212949869023
0.3221068791283435 0.2859212949869023
0.32284941217126367 0.2859212949869023
0.32359365692962827 0.2859212949869023
0.32433961734934924 0.2859212949869023
0.3250872973854344 0.2859212949869023
0.3258367010020089 0.2859212949869023
0.32658783217233583 0.2859212949869023
0.32734069487883816 0.2859212949869023
0.3280952931131191 0.2859212949869023
0.3288516308759832 0.2859212949869023
0.3296097121774578 0.2859212949869023
0.33036954103681476 0.2859212949869023
0.3311311214825911 0.2859212949869023
0.33189445755261054 0.2859212949869023
0.3326595532940046 0.2859212949869023
0.3334264127632349 0.2859212949869023
0.33419504002611433 0.2859212949869023
0.33496543915782784 0.2859212949869023
0.33573761424295473 0.2859212949869023
0.3365115693754907 0.2859212949869023
0.33728730865886897 0.2859212949869023
0.33806483620598177 0.2859212949869023
0.3388441561392026 0.2859212949869023
0.3396252725904084 0.2859212949869023
0.34040818970100095 0.2859212949869023
0.34119291162192866 0.2859212949869023
0.34197944251370893 0.2859212949869023
0.34276778654645035 0.2859212949869023
0.3435579478998747 0.2859212949869023
0.34434993076333864 0.2859212949869023
0.3451437393358563 0.2859212949869023
0.34593937782612194 0.2859212949869023
0.3467368504525317 0.2859212949869023
0.347536161443206 0.2859212949869023
0.34833731503601184 0.2859212949869023
0.3491403154785861 0.2859212949869023
0.3499451670283574 0.2859212949869023
0.3507518739525682 0.2859212949869023
0.3515604405282982 0.2859212949869023
0.35237087104248715 0.2859212949869023
0.353183169791957 0.2859212949869023
0.35399734108343484 0.2859212949869023
0.3548133892335756 0.2859212949869023
0.35563131856898533 0.2859212949869023
0.35645113342624435 0.2859212949869023
0.3572728381519291 0.2859212949869023
0.3580964371026361 0.2859212949869023
0.3589219346450052 0.2859212949869023
0.3597493351557424 0.2859212949869023
0.3605786430216426 0.2859212949869023
0.3614098626396134 0.2859212949869023
0.3622429984166986 0.2859212949869023
0.3630780547701014 0.2859212949869023
0.3639150361272073 0.2859212949869023
0.3647539469256079 0.2859212949869023
0.3655947916131249 0.2859212949869023
0.36643757464783333 0.2859212949869023
0.36728230049808486 0.2859212949869023
0.3681289736425315 0.2859212949869023
0.36897759857015033 0.2859212949869023
0.3698281797802663 0.2859212949869023
0.37068072178257616 0.2859212949869023
0.3715352290971726 0.2859212949869023
0.3723917062545685 0.2859212949869023
0.3732501577957207 0.2859212949869023
0.37411058827205357 0.2859212949869023
0.37497300224548363 0.2859212949869023
0.3758374042884442 0.2859212949869023
0.376703798983909 0.2859212949869023
0.37757219092541605 0.2859212949869023
0.3784425847170934 0.2859212949869023
0.37931498497368193 0.2859212949869023
0.3801893963205611 0.2859212949869023
0.38106582339377304 0.2859212949869023
0.3819442708400467 0.2859212949869023
0.3828247433168227 0.2859212949869023
0.3837072454922787 0.2859212949869023
0.3845917820453536 0.2859212949869023
0.38547835766577193 0.2859212949869023
0.3863669770540692 0.2859212949869023
0.38725764492161713 0.2859212949869023
0.3881503659906483 0.2859212949869023
0.3890451449942807 0.2859212949869023
0.38994198667654345 0.2859212949869023
0.39084089579240194 0.2859212949869023
0.3917418771077831 0.2859212949869023
0.39264493539959994 0.2859212949869023
0.39355007545577747 0.2859212949869023
0.39445730207527835 0.2859212949869023
0.39536662006812795 0.2859212949869023
0.39627803425543956 0.2859212949869023
0.39719154946944035 0.2859212949869023
0.3981071705534972 0.2859212949869023
0.3990249023621421 0.2859212949869023
0.3999447497610976 0.2859212949869023
0.40086671762730286 0.2859212949869023
0.40179081084893986 0.2859212949869023
0.40271703432545913 0.2859212949869023
0.40364539296760515 0.2859212949869023
0.4045758916974427 0.2859212949869023
0.4055085354483837 0.2859212949869023
0.40644332916521286 0.2859212949869023
0.4073802778041129 0.2859212949869023
0.40831938633269216 0.2859212949869023
0.4092606597300108 0.2859212949869023
0.41020410298660687 0.2859212949869023
0.4111497211045224 0.2859212949869023
0.4120975190973303 0.2859212949869023
0.41304750199016127 0.2859212949869023
0.41399967481973043 0.2859212949869023
0.4149540426343631 0.2859212949869023
0.41591061049402217 0.2859212949869023
0.4168693834703353 0.2859212949869023
0.4178303666466218 0.2859212949869023
0.4187935651179185 0.2859212949869023
0.4197589839910076 0.2859212949869023
0.420726628384444 0.2859212949869023
0.4216965034285823 0.2859212949869023
0.4226686142656031 0.2859212949869023
0.42364296604954116 0.2859212949869023
0.42461956394631284 0.2859212949869023
0.42559841313374314 0.2859212949869023
0.42657951880159284 0.2859212949869023
0.4275628861515863 0.2859212949869023
0.42854852039743946 0.2859212949869023
0.42953642676488735 0.2859212949869023
0.4305266104917108 0.2859212949869023
0.43151907682776525 0.2859212949869023
0.4325138310350087 0.2859212949869023
0.43351087838752894 0.2859212949869023
0.4345102241715717 0.2859212949869023
0.4355118736855686 0.2859212949869023
0.4365158322401659 0.2859212949869023
0.43752210515825213 0.2859212949869023
0.4385306977749858 0.2859212949869023
0.43954161543782455 0.2859212949869023
0.44055486350655326 0.2859212949869023
0.4415704473533126 0.2859212949869023
0.44258837236262677 0.2859212949869023
0.4436086439314326 0.2859212949869023
0.44463126746910864 0.2859212949869023
0.4456562483975034 0.2859212949869023
0.44668359215096337 0.2859212949869023
0.4477133041763626 0.2859212949869023
0.4487453899331321 0.2859212949869023
0.44977985489328803 0.2859212949869023
0.45081670454146033 0.2859212949869023
0.4518559443749224 0.2859212949869023
0.4528975799036207 0.2859212949869023
0.4539416166502032 0.2859212949869023
0.45498806015004883 0.2859212949869023
0.4560369159512963 0.2859212949869023
0.457088189614875 0.2859212949869023
0.4581418867145336 0.2859212949869023
0.45919801283686884 0.2859212949869023
0.4602565735813561 0.2859212949869023
0.4613175745603794 0.2859212949869023
0.4623810213992604 0.2859212949869023
0.46344691973628827 0.2859212949869023
0.4645152752227495 0.2859212949869023
0.46558609352295893 0.2859212949869023
0.4666593803142888 0.2859212949869023
0.4677351412871984 0.2859212949869023
0.46881338214526536 0.2859212949869023
0.46989410860521547 0.2859212949869023
0.47097732639695294 0.2859212949869023
0.4720630412635908 0.2859212949869023
0.47315125896148064 0.2859212949869023
0.4742419852602447 0.2859212949869023
0.4753352259428054 0.2859212949869023
0.4764309868054159 0.2859212949869023
0.47752927365769104 0.2859212949869023
0.47863009232263837 0.2859212949869023
0.4797334486366892 0.2859212949869023
0.48083934844972875 0.2859212949869023
0.48194779762512746 0.2859212949869023
0.48305880203977264 0.2859212949869023
0.48417236758409943 0.2859212949869023
0.4852885001621213 0.2859212949869023
0.48640720569146173 0.2859212949869023
0.48752849010338634 0.2859212949869023
0.48865235934283374 0.2859212949869023
0.48977881936844647 0.2859212949869023
0.4909078761526032 0.2859212949869023
0.4920395356814509 0.2859212949869023
0.49317380395493604 0.2859212949869023
0.4943106869868357 0.2859212949869023
0.4954501908047903 0.2859212949869023
0.4965923214503361 0.2859212949869023
0.4977370849789361 0.2859212949869023
0.4988844874600125 0.2859212949869023
0.5000345349769787 0.2859212949869023
0.5011872336272724 0.2859212949869023
0.5023425895223872 0.2859212949869023
0.503500608787905 0.2859212949869023
0.5046612975635285 0.2859212949869023
0.5058246620031142 0.2859212949869023
0.5069907082747043 0.2859212949869023
0.5081594425605606 0.2859212949869023
0.5093308710571955 0.2859212949869023
0.5105049999754063 0.2859212949869023
0.5116818355403077 0.2859212949869023
0.5128613839913648 0.2859212949869023
0.5140436515824263 0.2859212949869023
0.5152286445817565 0.2859212949869023
0.5164163692720709 0.2859212949869023
0.5176068319505678 0.2859212949869023
0.5188000389289612 0.2859212949869023
0.519995996533516 0.2859212949869023
0.5211947111050803 0.2859212949869023
0.5223961889991199 0.2859212949869023
0.5236004365857504 0.2859212949869023
0.5248074602497727 0.2859212949869023
0.5260172663907061 0.2859212949869023
0.5272298614228228 0.2859212949869023
0.5284452517751805 0.2859212949869023
0.5296634438916579 0.2859212949869023
0.5308844442309882 0.2859212949869023
0.5321082592667943 0.2859212949869023
0.5333348954876211 0.2859212949869023
0.5345643593969717 0.2859212949869023
0.5357966575133415 0.2859212949869023
0.5370317963702528 0.2859212949869023
0.5382697825162884 0.2859212949869023
0.5395106225151276 0.2859212949869023
0.5407543229455808 0.2859212949869023
0.5420008904016239 0.2859212949869023
0.5432503314924334 0.2859212949869023
0.5445026528424213 0.2859212949869023
0.5457578610912708 0.2859212949869023
0.5470159628939717 0.2859212949869023
0.5482769649208539 0.2859212949869023
0.5495408738576246 0.2859212949869023
0.5508076964054034 0.2859212949869023
0.5520774392807574 0.2859212949869023
0.5533501092157369 0.2859212949869023
0.5546257129579109 0.2859212949869023
0.5559042572704035 0.2859212949869023
0.55718574893193 0.2859212949869023
0.558470194736831 0.2859212949869023
0.5597576014951102 0.2859212949869023
0.5610479760324705 0.2859212949869023
0.5623413251903492 0.2859212949869023
0.5636376558259547 0.2859212949869023
0.5649369748123027 0.2859212949869023
0.5662392890382533 0.2859212949869023
0.5675446054085472 0.2859212949869023
0.5688529308438416 0.2859212949869023
0.5701642722807476 0.2859212949869023
0.5714786366718669 0.2859212949869023
0.5727960309858293 0.2859212949869023
0.5741164622073278 0.2859212949869023
0.575439937337157 0.2859212949869023
0.5767664633922507 0.2859212949869023
0.5780960474057182 0.2859212949869023
0.5794286964268813 0.2859212949869023
0.5807644175213121 0.2859212949869023
0.5821032177708714 0.2859212949869023
0.5834451042737449 0.2859212949869023
0.5847900841444811 0.2859212949869023
0.5861381645140288 0.2859212949869023
0.5874893525297767 0.2859212949869023
0.588843655355589 0.2859212949869023
0.5902010801718446 0.2859212949869023
0.5915616341754741 0.2859212949869023
0.5929253245799998 0.2859212949869023
0.5942921586155727 0.2859212949869023
0.5956621435290107 0.2859212949869023
0.597035286583837 0.2859212949869023
0.5984115950603196 0.2859212949869023
0.5997910762555095 0.2859212949869023
0.6011737374832783 0.2859212949869023
0.6025595860743579 0.2859212949869023
0.6039486293763798 0.2859212949869023
0.6053408747539137 0.2859212949869023
0.6067363295885057 0.2859212949869023
0.608135001278718 0.2859212949869023
0.6095368972401691 0.2859212949869023
0.6109420249055721 0.2859212949869023
0.6123503917247738 0.2859212949869023
0.6137620051647943 0.2859212949869023
0.6151768727098681 0.2859212949869023
0.6165950018614823 0.2859212949869023
0.6180164001384162 0.2859212949869023
0.6194410750767815 0.2859212949869023
0.6208690342300635 0.2859212949869023
0.6223002851691593 0.2859212949869023
0.6237348354824196 0.2859212949869023
0.625172692775686 0.2859212949869023
0.6266138646723354 0.2859212949869023
0.6280583588133184 0.2859212949869023
0.6295061828571978 0.2859212949869023
0.6309573444801934 0.2859212949869023
0.6324118513762194 0.2859212949869023
0.6338697112569267 0.2859212949869023
0.635330931851744 0.2859212949869023
0.6367955209079159 0.2859212949869023
0.6382634861905486 0.2859212949869023
0.6397348354826486 0.2859212949869023
0.641209576585162 0.2859212949869023
0.6426877173170198 0.2859212949869023
0.6441692655151773 0.2859212949869023
0.6456542290346553 0.2859212949869023
0.6471426157485834 0.2859212949869023
0.6486344335482386 0.2859212949869023
0.6501296903430906 0.2859212949869023
0.6516283940608432 0.2859212949869023
0.6531305526474728 0.2859212949869023
0.6546361740672751 0.2859212949869023
0.6561452663029055 0.2859212949869023
0.6576578373554203 0.2859212949869023
0.6591738952443217 0.2859212949869023
0.6606934480075962 0.2859212949869023
0.662216503701762 0.2859212949869023
0.6637430704019094 0.2859212949869023
0.6652731562017418 0.2859212949869023
0.6668067692136223 0.2859212949869023
0.6683439175686147 0.2859212949869023
0.6698846094165263 0.2859212949869023
0.6714288529259527 0.2859212949869023
0.6729766562843179 0.2859212949869023
0.674528027697922 0.2859212949869023
0.6760829753919824 0.2859212949869023
0.6776415076106754 0.2859212949869023
0.6792036326171847 0.2859212949869023
0.6807693586937414 0.2859212949869023
0.6823386941416695 0.2859212949869023
0.6839116472814297 0.2859212949869023
0.6854882264526617 0.2859212949869023
0.6870684400142322 0.2859212949869023
0.6886522963442759 0.2859212949869023
0.6902398038402416 0.2859212949869023
0.6918309709189367 0.2859212949869023
0.6934258060165691 0.2859212949869023
0.6950243175887967 0.2859212949869023
0.6966265141107691 0.2859212949869023
0.6982324040771716 0.2859212949869023
0.6998419960022736 0.2859212949869023
0.7014552984199711 0.2859212949869023
0.7030723198838331 0.2859212949869023
0.7046930689671471 0.2859212949869023
0.7063175542629619 0.2859212949869023
0.7079457843841378 0.2859212949869023
0.7095777679633892 0.2859212949869023
0.7112135136533293 0.2859212949869023
0.7128530301265196 0.2859212949869023
0.7144963260755133 0.2859212949869023
0.7161434102129017 0.2859212949869023
0.717794291271362 0.2859212949869023
0.7194489780036996 0.2859212949869023
0.7211074791828995 0.2859212949869023
0.7227698036021707 0.2859212949869023
0.7244359600749903 0.2859212949869023
0.7261059574351548 0.2859212949869023
0.727779804536824 0.2859212949869023
0.7294575102545684 0.2859212949869023
0.7311390834834177 0.2859212949869023
0.7328245331389042 0.2859212949869023
0.7345138681571148 0.2859212949869023
0.7362070974947366 0.2859212949869023
0.7379042301291012 0.2859212949869023
0.7396052750582378 0.2859212949869023
0.7413102413009174 0.2859212949869023
0.743019137896701 0.2859212949869023
0.7447319739059893 0.2859212949869023
0.7464487584100665 0.2859212949869023
0.7481695005111543 0.2859212949869023
0.7498942093324563 0.2859212949869023
0.7516228940182058 0.2859212949869023
0.7533555637337175 0.2859212949869023
0.7550922276654338 0.2859212949869023
0.7568328950209741 0.2859212949869023
0.7585775750291841 0.2859212949869023
0.760326276940182 0.2859212949869023
0.7620790100254119 0.2859212949869023
0.7638357835776912 0.2859212949869023
0.7655966069112566 0.2859212949869023
0.767361489361819 0.2859212949869023
0.7691304402866095 0.2859212949869023
0.7709034690644297 0.2859212949869023
0.7726805850957026 0.2859212949869023
0.7744617978025189 0.2859212949869023
0.7762471166286916 0.2859212949869023
0.7780365510398045 0.2859212949869023
0.779830110523259 0.2859212949869023
0.7816278045883297 0.2859212949869023
0.7834296427662117 0.2859212949869023
0.7852356346100715 0.2859212949869023
0.787045789695099 0.2859212949869023
0.7888601176185546 0.2859212949869023
0.790678627999825 0.2859212949869023
0.7925013304804723 0.2859212949869023
0.7943282347242818 0.2859212949869023
0.796159350417319 0.2859212949869023
0.7979946872679765 0.2859212949869023
0.7998342550070282 0.2859212949869023
0.8016780633876794 0.2859212949869023
0.8035261221856175 0.2859212949869023
0.8053784411990665 0.2859212949869023
0.8072350302488387 0.2859212949869023
0.8090958991783826 0.2859212949869023
0.810961057853841 0.2859212949869023
0.8128305161640992 0.2859212949869023
0.8147042840208393 0.2859212949869023
0.8165823713585929 0.2859212949869023
0.8184647881347901 0.2859212949869023
0.8203515443298183 0.2859212949869023
0.8222426499470717 0.2859212949869023
0.8241381150130026 0.2859212949869023
0.8260379495771788 0.2859212949869023
0.8279421637123341 0.2859212949869023
0.8298507675144222 0.2859212949869023
0.8317637711026713 0.2859212949869023
0.8336811846196345 0.2859212949869023
0.8356030182312479 0.2859212949869023
0.8375292821268832 0.2859212949869023
0.8394599865193978 0.2859212949869023
0.8413951416451952 0.2859212949869023
0.8433347577642754 0.2859212949869023
0.8452788451602896 0.2859212949869023
0.8472274141405969 0.2859212949869023
0.8491804750363141 0.2859212949869023
0.8511380382023764 0.2859212949869023
0.8531001140175901 0.2859212949869023
0.8550667128846837 0.2859212949869023
0.8570378452303699 0.2859212949869023
0.8590135215053958 0.2859212949869023
0.8609937521846004 0.2859212949869023
0.8629785477669708 0.2859212949869023
0.8649679187756935 0.2859212949869023
0.8669618757582166 0.2859212949869023
0.8689604292863025 0.2859212949869023
0.8709635899560811 0.2859212949869023
0.8729713683881118 0.2859212949869023
0.8749837752274361 0.2859212949869023
0.8770008211436345 0.2859212949869023
0.8790225168308848 0.2859212949869023
0.8810488730080143 0.2859212949869023
0.8830799004185628 0.2859212949869023
0.885115609830836 0.2859212949869023
0.8871560120379615 0.2859212949869023
0.8892011178579486 0.2859212949869023
0.8912509381337456 0.2859212949869023
0.8933054837332951 0.2859212949869023
0.8953647655495942 0.2859212949869023
0.8974287945007487 0.2859212949869023
0.8994975815300351 0.2859212949869023
0.9015711376059576 0.2859212949869023
0.903649473722302 0.2859212949869023
0.9057326008982004 0.2859212949869023
0.9078205301781856 0.2859212949869023
0.9099132726322514 0.2859212949869023
0.9120108393559103 0.2859212949869023
0.9141132414702505 0.2859212949869023
0.9162204901219998 0.2859212949869023
0.9183325964835807 0.2859212949869023
0.9204495717531709 0.2859212949869023
0.9225714271547634 0.2859212949869023
0.9246981739382226 0.2859212949869023
0.926829823379349 0.2859212949869023
0.9289663867799369 0.2859212949869023
0.9311078754678306 0.2859212949869023
0.933254300796991 0.2859212949869023
0.9354056741475517 0.2859212949869023
0.9375620069258799 0.2859212949869023
0.9397233105646382 0.2859212949869023
0.9418895965228414 0.2859212949869023
0.9440608762859232 0.2859212949869023
0.9462371613657936 0.2859212949869023
0.9484184633008974 0.2859212949869023
0.9506047936562816 0.2859212949869023
0.9527961640236517 0.2859212949869023
0.9549925860214354 0.2859212949869023
0.9571940712948447 0.2859212949869023
0.9594006315159331 0.2859212949869023
0.9616122783836646 0.2859212949869023
0.963829023623971 0.2859212949869023
0.9660508789898137 0.2859212949869023
0.9682778562612492 0.2859212949869023
0.9705099672454895 0.2859212949869023
0.9727472237769648 0.2859212949869023
0.9749896377173872 0.2859212949869023
0.9772372209558108 0.2859212949869023
0.9794899854086988 0.2859212949869023
0.981747943019985 0.2859212949869023
0.984011105761134 0.2859212949869023
0.9862794856312106 0.2859212949869023
0.9885530946569387 0.2859212949869023
0.9908319448927672 0.2859212949869023
0.9931160484209341 0.2859212949869023
0.995405417351527 0.2859212949869023
0.9977000638225533 0.2859212949869023
1.0000000000000007 0.24304676570870232
1.0023052380779 0.2417284921546453
1.0046157902783954 0.240494444599421
1.006931668851805 0.23933030300012476
1.009252886076684 0.2382255358277157
1.0115794542598988 0.23717212155555825
1.0139113857366795 0.23616377742371453
1.0162486928706955 0.23519546907796424
1.0185913880541175 0.23426308524954845
1.0209394837076804 0.23336321421218012
1.0232929922807543 0.2324929855713776
1.0256519262514086 0.23164995543597894
1.028016298126473 0.23083202124381344
1.0303861204416165 0.23003735737319345
1.0327614057613976 0.22926436564780292
1.0351421666793437 0.2285116367219602
1.0375284158180134 0.22777791955288873
1.0399201658290596 0.22706209697733648
1.0423174293933042 0.22636316596052658
1.0447202192208012 0.22568022146670474
1.0471285480508992 0.2250124431692026
1.0495424286523227 0.22435908441026714
1.051961873823223 0.223719462960625
1.0543868963912588 0.2230929532315481
1.0568175092136591 0.22247897966882654
1.0592537251772884 0.22187701111576902
1.0616955571987248 0.22128655597630786
1.0641430182243161 0.22070715804309438
1.0665961212302575 0.22013839288166717
1.0690548792226584 0.21957986468230942
1.0715193052376066 0.21903120350737132
1.0739894123412448 0.21849206287468687
1.0764652136298356 0.21796211762799658
1.0789467222298281 0.21744106205355823
1.0814339512979383 0.21692860820883048
1.0839269140212036 0.21642448443458942
1.086425623617065 0.21592843402629477
1.088930093333434 0.2154402140442309
1.0914403364487568 0.21495959424498456
1.0939563662720937 0.21448635611936523
1.0964781961431858 0.21402029202399564
1.0990058394325204 0.21356120439557738
1.1015393095414152 0.21310890503833121
1.1040786199020731 0.21266321447639147
1.1066237839776658 0.21222396136399005
1.1091748152624017 0.21179098194720333
1.1117317272815914 0.21136411957180187
1.1142945335917298 0.21094322423242243
1.1168632477805618 0.21052815215885942
1.119437883467151 0.21011876543576938
1.1220184543019638 0.20971493165251107
1.1246049739669264 0.20931652358022843
1.12719745617551 0.2089234188735931
1.1297959146727983 0.2085354997949229
1.1324003632355573 0.20815265295863322
1.1350108156723149 0.20777476909419337
1.1376272858234315 0.20740174282596094
1.140249787561168 0.20703347246842635
1.142878334789772 0.20666985983555097
1.1455129414455356 0.20631081006302035
1.1481536214968824 0.20595623144233705
1.1508003889444365 0.2056060352657958
1.1534532578210925 0.20526013568146506
1.1561122421920988 0.2049184495573854
1.158777356155127 0.2045808963542685
1.1614486138403421 0.20424739800604516
1.1641260294104916 0.20391787880766732
1.1668096170609625 0.20359226530962782
1.1694993910198708 0.20327048621870042
1.1721953655481312 0.20295247230445232
1.1748975549395297 0.20263815631111676
1.1776059735208073 0.2023274728744466
1.1803206356517306 0.20202035844320465
1.1830415557251643 0.20171675120497212
1.1857687481671604 0.2014165910159803
1.1885022274370185 0.20111981933470258
1.1912420080273747 0.20082637915895213
1.193988104464274 0.20053621496626128
1.196740531307244 0.2002492726573308
1.1994993031493788 0.19996549950235137
1.2022644346174138 0.19968484409002166
1.2050359403717967 0.19940725627909167
1.2078138351067806 0.1991326871522782
1.2105981335504825 0.19886108897241048
1.213388850464977 0.19859241514066944
1.2161860006463687 0.1983266201567986
1.218989598924867 0.19806365958117245
1.221799660164872 0.19780348999861178
1.2246161992650497 0.1975460689838495
1.2274392311584068 0.1972913550685518
1.2302687708123818 0.19703930770980702
1.2331048332289092 0.1967898872600044
1.2359474334445102 0.19654305493802268
1.2387965865303698 0.19629877280165997
1.2416523075924115 0.19605700372123888
1.2445146117713852 0.19581771135432227
1.2473835142429441 0.19558086012148465
1.2502590302177197 0.19534641518308157
1.2531411749414163 0.1951143424169671
1.2560299636948749 0.19488460839711214
1.2589254117941668 0.19465718037307564
1.2618275345906713 0.19443202625028896
1.2647363474711517 0.19420911457111203
1.2676518658578457 0.19398841449662252
1.2705741052085426 0.1937698957891056
1.273503081016661 0.19355352879520774
1.2764388088113443 0.1933392844297234
1.2793813041575248 0.19312713415998847
1.2823305826560214 0.19291704999084602
1.2852866599436161 0.19270900445016367
1.2882495516931345 0.19250297057487445
1.2912192736135342 0.1922989218975176
1.2941958414499872 0.19209683243325795
1.2971792709839554 0.191896676667362
1.3001695780332907 0.19169842954310973
1.3031667784522993 0.19150206645012557
1.3061708881318412 0.19130756321310705
1.309181922999408 0.19111489608093699
1.3121998990192036 0.19092404171616156
1.3152248321922386 0.1907349771848181
1.3182567385564083 0.1905476799466002
1.3212956341865747 0.19036212784534431
1.3243415351946652 0.19017829909982428
1.3273944577297396 0.1899961722948439
1.3304544179780908 0.18981572637261215
1.3335214321633249 0.18963694062439174
1.3365955165464427 0.18945979468241056
1.3396766874259352 0.1892842685120232
1.342764961137865 0.1891103424041156
1.3458603540559477 0.18893799696774194
1.3489628825916542 0.18876721312298386
1.3520725631942774 0.1885979720940272
1.355189412351036 0.1884302554024425
1.358313446587155 0.18826404486066672
1.3614446824659505 0.1880993225656762
1.3645831365889247 0.1879360708928431
1.3677288255958504 0.18777427248997097
1.3708817661648531 0.187613910271501
1.3740419750125157 0.18745496741288284
1.3772094688939467 0.1872974273451059
1.3803842646028848 0.18714127374938275
1.3835663789717818 0.18698649055198127
1.386755828871889 0.18683306191919985
1.3899526312133534 0.18668097225247976
1.3931568029453045 0.18653020618365138
1.396368361055937 0.18638074857030873
1.3995873225726188 0.18623258449130753
1.4028137045619584 0.18608569924238438
1.4060475241299137 0.18594007833189077
1.4092887984218756 0.18579570747663987
1.4125375446227548 0.1856525725978613
1.4157937799570819 0.1855106598172605
1.4190575216890935 0.18536995545317997
1.4223287871228194 0.18523044601685837
1.4256075936021888 0.18509211820878363
1.4288939585111031 0.18495495891513983
1.4321878992735433 0.18481895520434097
1.435489433353657 0.18468409432365193
1.4387985782558448 0.18455036369589306
1.442115351524869 0.18441775091622437
1.4454397707459274 0.18428624374900968
1.4487718535447611 0.18415583012475523
1.4521116175877429 0.18402649813712274
1.4554590805819663 0.18389823604001335
1.4588142602753484 0.18377103224472088
1.4621771744567191 0.18364487531715248
1.4655478409559106 0.18351975397511397
1.4689262776438672 0.18339565708565836
1.4723125024327188 0.18327257366249633
1.475706533275894 0.18315049286346544
1.479108388168208 0.18302940398805745
1.4825180851459538 0.18290929647500218
1.485935642287007 0.18279015989990513
1.4893610777109163 0.18267198397293846
1.4927944095789953 0.18255475853658407
1.4962356560944337 0.18243847356342482
1.4996848355023735 0.1823231191539868
1.5031419660900218 0.18220868553462718
1.5066070661867426 0.18209516305546822
1.5100801541641486 0.18198254218837664
1.5135612484362082 0.18187081352498577
1.5170503674593376 0.18175996777476025
1.5205475297324949 0.1816499957631022
1.5240527537972917 0.1815408884294964
1.5275660582380726 0.18143263682569596
1.5310874616820296 0.18132523211394425
1.534616982799295 0.18121866556523522
1.538154640303035 0.18111292855760852
1.5417004529495595 0.18100801257448051
1.5452544395384151 0.1809039092030086
1.5488166189124806 0.1808006101324898
1.5523870099580828 0.18069810715279022
1.5559656316050745 0.1805963921528078
1.5595525028269532 0.18049545711896417
1.563147642640955 0.18039529413372773
1.5667510701081495 0.18029589537416513
1.5703628043335525 0.1801972531105217
1.5739828644662206 0.18009935970482924
1.5776112696993478 0.18000220760954158
1.5812480392703836 0.17990578936619525
1.5848931924611136 0.1798100976040978
1.5885467485977784 0.17971512503903964
1.5922087270511711 0.17962086447203066
1.5958791472367333 0.17952730878806225
1.599558028614669 0.17943445095489044
1.6032453906900426 0.1793422840218435
1.6069412530128764 0.17925080111865133
1.6106456351782708 0.17915999545429634
1.6143585568264862 0.17906986031588606
1.6180800376430655 0.17898038906754593
1.621810097358931 0.1788915751493327
1.6255487557504844 0.17880341207616776
1.6292960326397226 0.1787158934367892
1.6330519478943357 0.17862901289272343
1.6368165214278079 0.17854276417727508
1.6405897731995398 0.17845714109453423
1.6443717232149317 0.1783721375184025
1.648162391525508 0.17828774739163553
1.651961798229016 0.17820396472490244
1.6557699634695286 0.17812078359586203
1.6595869074375609 0.17803819814825467
1.6634126503701707 0.1779562025910104
1.6672472125510622 0.17787479119737212
1.671090614310708 0.17779395830403402
1.6749428760264375 0.1777136983102947
1.6788040181225599 0.1776340056772248
1.6826740610704682 0.1775548749268483
1.6865530253887415 0.17747630064133865
1.6904409316432645 0.17739827746222725
1.69433780044733 0.1773208000896258
1.6982436524617435 0.17724386328146166
1.702158508394951 0.17716746185272558
1.7060823890031238 0.17709159067473215
1.7100153150902873 0.17701624467439195
1.7139573075084262 0.1769414188334963
1.7179083871575889 0.17686710818801304
1.721868574986007 0.17679330782739414
1.7258378919902053 0.17672001289389397
1.7298163592151008 0.1766472185818994
1.7338039977541384 0.1765749201372697
1.7378008287493756 0.1765031128566877
1.7418068733916137 0.17643179208702076
1.745822152920505 0.17636095322469195
1.7498466886246575 0.1762905917150615
1.7538805018417611 0.1762207030518175
1.757923613958694 0.1761512827763761
1.7619760464116287 0.17608232647729158
1.766037820686165 0.17601382978967475
1.7701089583174214 0.17594578839462124
1.7741894808901657 0.17587819801864782
1.7782794100389239 0.17581105443313758
1.7823787674480902 0.17574435345379372
1.7864875748520508 0.1756780909401015
1.790605854035296 0.17561226279479825
1.7947336268325258 0.1755468649633517
1.7988709151287883 0.1754818934334455
1.8030177408595691 0.17541734423447308
1.807174126010927 0.1753532134370387
1.8113400926196037 0.175289497152466
1.8155156627731364 0.17522619153231375
1.8197008586099837 0.1751632927678987
1.8238957023196396 0.1751007970898255
1.828100216142742 0.17503870076752354
1.8323144223712124 0.17497700010879022
1.8365383433483466 0.17491569145934133
1.8407720014689557 0.17485477120236723
1.845015419179475 0.17479423575809647
1.849268618978079 0.17473408158336443
1.8535316234148116 0.1746743051711887
1.8578044550917003 0.1746149030503511
1.8620871366628666 0.17455587178498427
1.8663796908346708 0.17449720797416535
1.870682140365801 0.17443890825151467
1.8749945080674186 0.17438096928480026
1.8793168168032697 0.17432338777554793
1.8836490894898015 0.17426616045865673
1.8879913490962938 0.17420928410201975
1.8923436186449771 0.17415275550615003
1.896705921211146 0.17409657150381208
1.9010782799233008 0.1740407289596574
1.9054607179632477 0.17398522476986666
1.9098532585662378 0.17393005586179508
1.914255925021087 0.17387521919362342
1.9186687406702883 0.17382071175401403
1.9230917289101586 0.17376653056177058
1.927524913190936 0.1737126726655031
1.9319683170169235 0.17365913514329756
1.9364219639466083 0.17360591510238915
1.9408858775927784 0.17355300967884077
1.9453600816226626 0.173500416037225
1.9498445997580467 0.17344813137031093
1.9543394557753937 0.17339615289875465
1.9588446735059901 0.1733444778707941
1.9633602768360465 0.17329310356194771
1.9678862897068443 0.17324202727471705
1.9724227361148547 0.17319124633829333
1.9769696401118613 0.173140758108268
1.981527025805098 0.1730905599663462
1.986094917357373 0.1730406493200651
1.9906733389871856 0.17299102360251506
1.9952623149688802 0.17294168027206436
1.9998618696327441 0.17289261681208792
2.0044720273651606 0.17284383073069912
2.009092812608729 0.1727953195604849
2.013724249862389 0.1727470808582446
2.018366363681561 0.17269911220473194
2.023019178678273 0.17265141120439986
2.027682719521281 0.17260397548514927
2.0323570109362223 0.1725568026980801
2.0370420777057183 0.17250989051724652
2.0417379446695287 0.1724632366394139
2.0464446367246754 0.17241683878381966
2.051162178825566 0.1723706946919373
2.055890595984142 0.17232480212724247
2.060629913270002 0.17227915887498202
2.0653801558105283 0.17223376274194682
2.0701413487910427 0.17218861155624648
2.0749135174549096 0.17214370316708677
2.079696687103695 0.17209903544455052
2.08449088309729 0.17205460627938016
2.08929613085404 0.17201041358276348
2.0941124558508926 0.17196645528612234
2.0989398836235256 0.17192272934090258
2.1037784397664745 0.17187923371836827
2.10862814993329 0.17183596640939633
2.113489039836647 0.1717929254242759
2.1183611352485014 0.17175010879250796
2.1232444620002204 0.17170751456260855
2.1281390459827128 0.1716651408019142
2.1330449131465765 0.17162298559638903
2.137962089502234 0.17158104705043517
2.1428906011200577 0.17153932328670396
2.1478304741305347 0.17149781244591075
2.152781734724373 0.17145651268665124
2.1577444091526656 0.1714154221852194
2.1627185237270217 0.1713745391354289
2.167704104819695 0.17133386174843518
2.1727011788637443 0.17129338825256016
2.1777097723531607 0.17125311689311942
2.182729911843001 0.1712130459322504
2.1877616239495534 0.17117317364874335
2.192804935350449 0.17113349833787386
2.197859872784824 0.17109401831123722
2.2029264630534575 0.17105473189658515
2.2080047330189005 0.17101563743766346
2.2130947096056377 0.17097673329405277
2.218196419800221 0.17093801784100982
2.223309890651402 0.17089948946931138
2.2284351492703043 0.17086114658509946
2.233572222830532 0.17082298760972864
2.2387211385683394 0.17078501097961463
2.2438819237827676 0.170747215146085
2.2490546058357817 0.17070959857523132
2.2542392121524295 0.1706721597477625
2.2594357702209797 0.17063489715886107
2.2646443075930587 0.17059780931803925
2.2698648518838227 0.17056089474899833
2.2750974307720706 0.17052415198948803
2.2803420720004173 0.17048757959116892
2.2855988033754313 0.17045117611947502
2.2908676527677736 0.1704149401534789
2.296148648112362 0.17037887028575735
2.3014418174085103 0.17034296512225935
2.306747188720068 0.17030722328217507
2.3120647901755955 0.17027164339780587
2.3173946499684788 0.1702362241144369
2.3227367963571064 0.17020096409020954
2.3280912576650095 0.1701658619959965
2.3334580622810037 0.17013091651527762
2.3388372386593552 0.17009612634401697
2.3442288153199238 0.17006149019054154
2.3496328208483064 0.17002700677542104
2.3550492838960104 0.1699926748313491
2.360478233180577 0.16995849310302563
2.365919697485758 0.16992446034704048
2.3713737056616564 0.16989057533175814
2.3768402866248772 0.16985683683720412
2.3823194693586904 0.169823243654952
2.3878112829131797 0.16978979458801186
2.3933157564053866 0.16975648845072022
2.3988329190194912 0.1697233240686304
2.4043628000069335 0.16969030027840493
2.409905428686595 0.16965741592770797
2.415460834444942 0.1696246698751004
2.4210290467361792 0.16959206098993396
2.4266100950824163 0.16955958815224867
2.4322040090738173 0.16952725025266946
2.4378108183687517 0.16949504619230513
2.443430552693973 0.1694629748826477
2.4490632418447458 0.1694310352454729
2.45470891568503 0.16939922621274192
2.460367604147629 0.1693675467265041
2.4660393372343403 0.1693359957388002
2.4717241450161307 0.1693045722115672
2.4774220576332877 0.1692732751165437
2.483133105295569 0.1692421034351768
2.488857318282392 0.16921105615852894
2.494594726942955 0.1691801322871871
2.500345361696431 0.16914933083117137
2.5061092530321156 0.16911865080984578
2.511886431509581 0.16908809125182905
2.517676927758856 0.16905765119490684
2.5234807724805774 0.1690273296859448
2.5292979964461435 0.1689971257808022
2.535128630497909 0.1689670385442465
2.5409727055493057 0.1689370670498693
2.546830252585041 0.1689072103800022
2.552701302661249 0.16887746762563455
2.558585886905644 0.16884783788633112
2.564484036517718 0.1688183202701511
2.5703957827688635 0.16878891389356757
2.5763211570025746 0.1687596178813884
2.582260190634597 0.16873043136667698
2.588212915153092 0.16870135349067478
2.594179362118814 0.1686723834027237
2.6001595631652736 0.16864352026018975
2.606153549998894 0.1686147632283876
2.612161354399207 0.1685861114805053
2.618183008218985 0.16855756419753065
2.624218543384441 0.16852912056817687
2.630267991895383 0.1685007797888105
2.6363313858253803 0.1684725410633794
2.6424087573219466 0.16844440360334093
2.648500138606703 0.16841636662759182
2.654605561975538 0.16838842936239767
2.6607250597988106 0.16836059104132442
2.6668586645214796 0.16833285090516906
2.6730064086633107 0.1683052082018922
2.679168324819033 0.16827766218655044
2.685344445658508 0.16825021212123004
2.691534803926916 0.16822285727498076
2.6977394324449224 0.16819559692375066
2.7039583641088423 0.1681684303503214
2.7101916318908432 0.1681413568442439
2.7164392688390824 0.16811437570177543
2.722701308077912 0.16808748622581618
2.728977782808042 0.1680606877258473
2.735268726306713 0.16803397951786933
2.7415741719278826 0.16800736092434104
2.7478941531023993 0.16798083127411875
2.754228703338165 0.16795438990239694
2.7605778562203462 0.16792803615064864
2.7669416454115114 0.16790176936656637
2.77332010465184 0.16787558890400456
2.7797132677592904 0.1678494941229215
2.786121168629771 0.16782348438932257
2.7925438412373382 0.16779755907520322
2.7989813196343647 0.16777171755849335
2.805433637951712 0.16774595922300192
2.8119008303989412 0.1677202834583616
2.8183829312644537 0.16769468965997458
2.8248799749157065 0.16766917722895866
2.8313919957993807 0.16764374557209386
2.837919028441557 0.16761839410176943
2.844461107447916 0.16759312223593156
2.8510182675039117 0.16756792939803122
2.8575905433749456 0.16754281501697324
2.864177969906582 0.16751777852706484
2.870780582024691 0.16749281936796545
2.877398414735669 0.16746793698463677
2.8840315031266077 0.16744313082729298
2.8906798823654762 0.16741840035135216
2.8973435877013234 0.16739374501738724
2.904022654464453 0.16736916429107798
2.910717118066604 0.16734465764316364
2.9174270140011678 0.1673202245493952
2.9241523778433356 0.167295864490489
2.9308932452503202 0.16727157695208014
2.9376496519615327 0.16724736142467653
2.944421633798762 0.1672232174036136
2.951209226666386 0.16719914438900907
2.9580124665515486 0.16717514188571847
2.964831389524341 0.16715120940329048
2.9716660317380272 0.16712734645592353
2.97851642942919 0.16710355256242226
2.985382618917959 0.16707982724615453
2.992264636608191 0.16705617003500842
2.999162518987652 0.1670325804613506
3.006076302628231 0.16700905806198435
3.013006024186124 0.16698560237810742
3.0199517204020148 0.16696221295527217
3.0269134281013064 0.16693888934334356
3.0338911841942706 0.16691563109646018
3.0408850256762787 0.16689243777299315
3.047894989627985 0.16686930893550717
3.0549211132155145 0.16684624415072138
3.0619634336906776 0.16682324298947002
3.06902198839116 0.16680030502666449
3.076096814740707 0.1667774298412548
3.0831879502493553 0.1667546170161919
3.090295432513591 0.16673186613839064
3.09741929921658 0.166709176798692
3.1045595881283576 0.16668654859182666
3.1117163371060186 0.16666398111637895
3.1188895840939375 0.1666414739747501
3.1260793671239577 0.16661902677312299
3.1332857243155843 0.16659663912142647
3.1405086938762183 0.1665743106333003
3.147748314101316 0.1665520409260606
3.155004623374626 0.16652982962066504
3.1622776601683813 0.16650767634167898
3.1695674630434922 0.16648558071724145
3.176874070649771 0.16646354237903185
3.184197521726128 0.16644156096223642
3.1915378551007603 0.16641963610551563
3.1988951096913993 0.16639776745097126
3.206269324505466 0.1663759546441145
3.2136605386403168 0.16635419733383366
3.2210687912834364 0.16633249517236234
3.2284941217126364 0.1663108478152482
3.2359365692962836 0.16628925492132177
3.2433961734934953 0.16626771615266556
3.2508729738543423 0.16624623117458337
3.2583670100200885 0.16622479965557016
3.265878321723359 0.16620342126728185
3.2734069487883817 0.1661820956845058
3.2809529311311927 0.16616082258513093
3.288516308759832 0.16613960165011885
3.2960971217745785 0.16611843256347483
3.303695410368151 0.16609731501221894
3.31131121482591 0.1660762486863578
3.318944575526105 0.16605523327885638
3.326595532940046 0.16603426848560987
3.3342641276323497 0.16601335400541636
3.3419504002611453 0.16599248953994913
3.349654391578278 0.1659716747937296
3.3573761424295476 0.1659509094741005
3.3651156937549103 0.16593019329119904
3.3728730865886876 0.16590952595793051
3.3806483620598176 0.16588890718994215
3.388441561392026 0.16586833670559709
3.396252725904084 0.16584781422594883
3.404081897010011 0.16582733947471545
3.411929116219287 0.1658069121782546
3.419794425137089 0.1657865320655384
3.427677865464507 0.16576619886812838
3.435579478998745 0.16574591232015157
3.443499307633387 0.16572567215827522
3.451437393358563 0.1657054781216836
3.4593937782612194 0.16568532995205332
3.467368504525319 0.16566522739353
3.4753616144320563 0.1656451701927049
3.4833731503601184 0.1656251580985912
3.4914031547858615 0.16560519086260134
3.4994516702835714 0.16558526823852404
3.5075187395256813 0.16556538998250153
3.5156044052829816 0.16554555585300748
3.523708710424872 0.16552576561082408
3.531831697919572 0.16550601901902073
3.5399734108343455 0.1654863158429317
3.5481338923357555 0.1654666558501347
3.556313185689853 0.16544703881042946
3.5645113342624413 0.16542746449581625
3.572728381519291 0.16540793268047516
3.580964371026361 0.1653884431407449
3.589219346450052 0.16536899565510232
3.597493351557426 0.1653495900041418
3.6057864302164218 0.16533022597055502
3.6140986263961334 0.16531090333911075
3.622429984166986 0.165291621896635
3.6307805477010127 0.16527238143199113
3.6391503612720735 0.1652531817360604
3.6475394692560785 0.16523402260172254
3.655947916131249 0.16521490382383638
3.6643757464783353 0.16519582519922085
3.6728230049808444 0.16517678652663612
3.6812897364253154 0.16515778760676503
3.6897759857015036 0.16513882824219425
3.698281797802661 0.16511990823739603
3.706807217825762 0.16510102739871016
3.715352290971726 0.16508218553432547
3.7239170625456857 0.16506338245426241
3.7325015779572084 0.16504461797035525
3.7411058827205315 0.1650258918962341
3.749730022454836 0.16500720404730806
3.7583740428844417 0.16498855424074765
3.7670379898390878 0.16496994229546774
3.775721909254162 0.16495136803211072
3.784425847170934 0.16493283127302955
3.7931498497368192 0.16491433184227147
3.801893963205615 0.16489586956556096
3.810658233937729 0.16487744427028406
3.8194427084004667 0.1648590557854715
3.828247433168227 0.16484070394178335
3.8370724549227866 0.16482238857149262
3.845917820453538 0.1648041095084696
3.854783576657719 0.16478586658816657
3.8636697705406915 0.16476765964760187
3.872576449216175 0.16474948852534507
3.881503659906481 0.16473135306150127
3.8904514499428067 0.16471325309769635
3.899419866765434 0.16469518847706222
3.9084089579240193 0.1646771590442217
3.917418771077833 0.16465916464527397
3.926449353996 0.1646412051277801
3.9355007545577747 0.1646232803407488
3.9445730207527876 0.16460539013462203
3.9536662006812775 0.1645875343612609
3.962780342554396 0.16456971287393166
3.9719154946944037 0.16455192552729184
3.9810717055349714 0.1645341721773767
3.990249023621423 0.1645164526815854
3.9994474976109764 0.1644987668986674
4.008667176273029 0.16448111468870968
4.017908108489403 0.1644634959131226
4.027170343254589 0.16444591043462783
4.0364539296760515 0.16442835811724424
4.045758916974427 0.16441083882627608
4.055085354483837 0.1643933524282993
4.06443329165213 0.16437589879114956
4.073802778041128 0.16435847778390936
4.083193863326922 0.16434108927689575
4.0926065973001124 0.16432373314164792
4.102041029866067 0.16430640925091516
4.111497211045224 0.1642891174786446
4.120975190973303 0.16427185769996935
4.130475019901613 0.1642546297911968
4.139996748197307 0.1642374336297962
4.1495404263436315 0.16422026909438808
4.159106104940221 0.16420313606473183
4.168693834703357 0.16418603442171453
4.178303666466217 0.16416896404733974
4.187935651179186 0.16415192482471624
4.1975898399100755 0.1641349166380468
4.20726628384444 0.16411793937261718
4.216965034285825 0.16410099291478533
4.226686142656031 0.16408407715197043
4.2364296604954115 0.16406719197264233
4.246195639463132 0.1640503372663108
4.255984131337429 0.16403351292351492
4.265795188015928 0.164016718835813
4.275628861515862 0.16399995489577182
4.285485203974395 0.16398322099695684
4.295364267648876 0.1639665170339215
4.3052661049171075 0.16394984290219786
4.3151907682776525 0.1639331984982859
4.32513831035009 0.16391658371964443
4.335108783875287 0.16389999846468062
4.345102241715717 0.1638834426327408
4.355118736855687 0.16386691612410065
4.365158322401659 0.16385041883995569
4.375221051582524 0.163833950682412
4.385306977749859 0.16381751155447685
4.395416154378245 0.16380110136004916
4.4055486350655375 0.16378472000391095
4.415704473533124 0.16376836739171766
4.425883723626267 0.1637520434299896
4.436086439314326 0.16373574802610272
4.446312674691087 0.16371948108828008
4.456562483975036 0.16370324252558283
4.466835921509633 0.16368703224790185
4.477133041763627 0.16367085016594887
4.487453899331325 0.16365469619124817
4.497798548932877 0.16363857023612818
4.508167045414604 0.163622472213713
4.518559443749225 0.16360640203791413
4.528975799036207 0.16359035962342255
4.539416166502035 0.16357434488570027
4.549880601500488 0.16355835774097258
4.5603691595129625 0.16354239810621973
4.570881896148754 0.16352646589916964
4.581418867145333 0.16351056103828945
4.5919801283686885 0.1634946834427781
4.6025657358135605 0.16347883303255867
4.613175745603794 0.16346300972827085
4.6238102139926065 0.1634472134512631
4.634469197362877 0.1634314441235856
4.645152752227496 0.16341570166798255
4.655860935229589 0.16339998600788516
4.666593803142885 0.16338429706740412
4.6773514128719835 0.16336863477132244
4.688133821452653 0.16335299904508868
4.698941086052154 0.16333738981480966
4.709773263969532 0.16332180700724336
4.720630412635902 0.16330625054979211
4.731512589614806 0.16329072037049605
4.742419852602446 0.163275216398026
4.753352259428051 0.16325973856167666
4.764309868054159 0.1632442867913604
4.77529273657691 0.16322886101760037
4.786300923226383 0.16321346117152383
4.797334486366895 0.16319808718485615
4.808393484497283 0.16318273898991403
4.8194779762512745 0.16316741651959912
4.830588020397727 0.16315211970739213
4.841723675840993 0.16313684848734636
4.852885001621213 0.1631216027940812
4.864072056914617 0.16310638256277682
4.875284901033863 0.16309118772916745
4.886523593428339 0.1630760182295357
4.897788193684459 0.16306087400070646
4.9090787615260325 0.16304575498004123
4.920395356814509 0.16303066110543216
4.931738039549358 0.16301559231529622
4.943106869868356 0.16300054854856977
4.954501908047903 0.16298552974470276
4.965923214503361 0.16297053584365284
4.977370849789364 0.1629555667858803
4.98884487460012 0.1629406225123424
